0
0
0
0
0
0
1
1
1
1
1
1
1
1
1
10
20
31
41
52
62
72
83
93
104
114
124
135
145
156
166
176
187
197
208
218
228
239
249
259
270
280
291
301
311
322
332
343
353
363
374
384
395
405
415
426
436
447
457
467
478
488
499
509
519
530
540
551
561
571
582
592
603
613
623
634
644
655
665
676
686
696
707
717
728
738
749
759
769
780
790
801
811
822
832
842
853
863
874
884
894
905
915
926
936
946
957
967
978
988
998
1009
1019
1029
1040
1050
1061
1071
1081
1092
1102
1112
1123
1133
1144
1154
1164
1175
1185
1195
1206
1216
1227
1237
1247
1258
1268
1278
1289
1299
1310
1320
1330
1341
1351
1362
1372
1382
1393
1403
1414
1424
1434
1445
1455
1466
1476
1486
1497
1507
1517
1528
1538
1549
1559
1569
1580
1590
1601
1611
1621
1632
1642
1653
1663
1673
1684
1694
1704
1715
1725
1736
1746
1756
1767
1777
1787
1798
1808
1819
1829
1839
1850
1860
1870
1881
1891
1902
1912
1922
1933
1943
1954
1964
1974
1985
1995
2005
2016
2026
2037
2047
2057
2068
2078
2088
2099
2109
2120
2130
2140
2151
2161
2172
2182
2192
2203
2213
2223
2234
2244
2255
2265
2275
2286
2296
2307
2317
2327
2338
2348
2359
2369
2379
2390
2400
2411
2421
2431
2442
2452
2463
2473
2483
2494
2504
2515
2525
2535
2546
2556
2567
2577
2587
2598
2608
2619
2629
2639
2650
2660
2671
2681
2691
2702
2712
2722
2733
2743
2754
2764
2774
2785
2795
2805
2816
2826
2837
2847
2857
2868
2878
2889
2899
2909
2920
2930
2941
2951
2961
2972
2982
2993
3003
3013
3024
3034
3045
3055
3066
3076
3086
3097
3107
3118
3128
3138
3149
3159
3170
3180
3190
3201
3211
3222
3232
3243
3253
3263
3274
3284
3294
3305
3315
3326
3336
3346
3357
3367
3378
3388
3398
3409
3419
3430
3440
3450
3461
3471
3482
3492
3502
3513
3523
3534
3544
3554
3565
3575
3586
3596
3606
3617
3627
3637
3648
3658
3669
3679
3689
3700
3710
3720
3731
3741
3752
3762
3772
3783
3793
3804
3814
3824
3835
3845
3855
3866
3876
3887
3897
3907
3918
3928
3939
3949
3959
3970
3980
3991
4001
4011
4022
4032
4043
4053
4063
4074
4084
4095
4105
4115
4126
4136
4146
4157
4167
4178
4188
4198
4209
4219
4229
4240
4250
4261
4271
4281
4292
4302
4313
4323
4333
4344
4354
4364
4375
4385
4396
4406
4416
4427
4437
4447
4458
4468
4479
4489
4499
4510
4520
4531
4541
4551
4562
4572
4582
4593
4603
4614
4624
4634
4645
4655
4665
4676
4686
4697
4707
4717
4728
4738
4749
4759
4769
4780
4790
4800
4811
4821
4832
4842
4852
4863
4873
4884
4894
4904
4915
4925
4936
4946
4956
4967
4977
4988
4998
5009
5019
5029
5040
5050
5060
5071
5081
5092
5102
5112
5123
5133
5143
5154
5164
5175
5185
5195
5206
5216
5226
5237
5247
5258
5268
5278
5289
5299
5309
5320
5330
5341
5351
5361
5372
5382
5393
5403
5413
5424
5434
5444
5455
5465
5476
5486
5496
5507
5517
5528
5538
5548
5559
5569
5580
5590
5600
5611
5621
5632
5642
5652
5663
5673
5684
5694
5704
5715
5725
5735
5746
5756
5767
5777
5787
5798
5808
5819
5829
5839
5850
5860
5871
5881
5891
5902
5912
5922
5933
5943
5954
5964
5974
5985
5995
6006
6016
6026
6037
6047
6057
6068
6078
6089
6099
6109
6120
6130
6140
6151
6161
6172
6182
6192
6203
6213
6224
6234
6244
6255
6265
6275
6286
6296
6307
6317
6327
6338
6348
6359
6369
6379
6390
6400
6411
6421
6431
6442
6452
6463
6473
6483
6494
6504
6514
6525
6535
6546
6556
6566
6577
6587
6597
6608
6618
6629
6639
6649
6660
6670
6680
6691
6701
6712
6722
6732
6743
6753
6763
6774
6784
6795
6805
6815
6826
6836
6847
6857
6867
6878
6888
6898
6909
6919
6929
6940
6950
6961
6971
6981
6992
7002
7012
7023
7033
7044
7054
7064
7075
7085
7095
7106
7116
7127
7137
7148
7158
7168
7179
7189
7200
7210
7220
7231
7241
7252
7262
7273
7283
7293
7304
7314
7325
7335
7345
7356
7366
7377
7387
7397
7408
7418
7429
7439
7449
7460
7470
7481
7491
7501
7512
7522
7533
7543
7553
7564
7574
7584
7595
7605
7616
7626
7636
7647
7657
7667
7678
7688
7698
7709
7719
7730
7740
7750
7761
7771
7781
7792
7802
7813
7823
7833
7844
7854
7865
7875
7885
7896
7906
7917
7927
7937
7948
7958
7969
7979
7989
8000
8010
8021
8031
8041
8052
8062
8073
8083
8093
8104
8114
8125
8135
8145
8156
8166
8177
8187
8197
8208
8218
8229
8239
8249
8260
8270
8280
8291
8301
8312
8322
8332
8343
8353
8363
8374
8384
8395
8405
8415
8426
8436
8446
8457
8467
8478
8488
8498
8509
8519
8530
8540
8550
8561
8571
8581
8592
8602
8613
8623
8633
8644
8654
8664
8675
8685
8696
8706
8716
8727
8737
8747
8758
8768
8779
8789
8799
8810
8820
8831
8841
8851
8862
8872
8882
8893
8903
8914
8924
8934
8945
8955
8965
8976
8986
8997
9007
9017
9028
9038
9049
9059
9069
9080
9090
9100
9111
9121
9132
9142
9152
9163
9173
9184
9194
9204
9215
9225
9235
9246
9256
9267
9277
9287
9298
9308
9318
9329
9339
9350
9360
9370
9381
9391
9401
9412
9422
9433
9443
9453
9464
9474
9484
9495
9505
9516
9526
9536
9547
9557
9567
9578
9588
9599
9609
9619
9630
9640
9651
9661
9671
9682
9692
9702
9713
9723
9734
9744
9754
9765
9775
9785
9796
9806
9817
9827
9837
9848
9858
9869
9879
9890
9900
9910
9921
9931
9942
9952
9963
9973
9983
9994
10004
10015
10025
10035
10046
10056
10067
10077
10087
10098
10108
10119
10129
10139
10150
10160
10171
10181
10191
10202
10212
10223
10233
10243
10254
10264
10274
10285
10295
10306
10316
10326
10337
10347
10357
10368
10378
10389
10399
10409
10420
10430
10440
10451
10461
10472
10482
10492
10503
10513
10523
10534
10544
10555
10565
10575
10586
10596
10606
10617
10627
10638
10648
10658
10669
10679
10690
10700
10710
10721
10731
10741
10752
10762
10773
10783
10793
10804
10814
10825
10835
10845
10856
10866
10877
10887
10897
10908
10918
10928
10939
10949
10960
10970
10980
10991
11001
11012
11022
11032
11043
11053
11064
11074
11084
11095
11105
11116
11126
11136
11147
11157
11168
11178
11188
11199
11209
11220
11230
11240
11251
11261
11271
11282
11292
11303
11313
11323
11334
11344
11355
11365
11375
11386
11396
11407
11417
11427
11438
11448
11459
11469
11479
11490
11500
11511
11521
11531
11542
11552
11563
11573
11583
11594
11604
11615
11625
11635
11646
11656
11667
11677
11687
11698
11708
11719
11729
11739
11750
11760
11770
11781
11791
11802
11812
11822
11833
11843
11853
11864
11874
11885
11895
11905
11916
11926
11936
11947
11957
11968
11978
11988
11999
12009
12019
12030
12040
12051
12061
12071
12082
12092
12103
12113
12124
12134
12144
12155
12165
12176
12186
12197
12207
12217
12228
12238
12249
12259
12270
12280
12290
12301
12311
12322
12332
12342
12353
12363
12374
12384
12394
12405
12415
12425
12436
12446
12457
12467
12477
12488
12498
12509
12519
12529
12540
12550
12561
12571
12581
12592
12602
12613
12623
12633
12644
12654
12665
12675
12685
12696
12706
12716
12727
12737
12748
12758
12768
12779
12789
12799
12810
12820
12831
12841
12851
12862
12872
12882
12893
12903
12914
12924
12934
12945
12955
12966
12976
12986
12997
13007
13017
13028
13038
13049
13059
13069
13080
13090
13101
13111
13121
13132
13142
13152
13163
13173
13184
13194
13204
13215
13225
13235
13246
13256
13267
13277
13287
13298
13308
13318
13329
13339
13350
13360
13370
13381
13391
13401
13412
13422
13433
13443
13453
13464
13474
13484
13495
13505
13516
13526
13536
13547
13557
13567
13578
13588
13599
13609
13619
13630
13640
13651
13661
13671
13682
13692
13702
13713
13723
13734
13744
13754
13765
13775
13786
13796
13806
13817
13827
13837
13848
13858
13869
13879
13889
13900
13910
13921
13931
13941
13952
13962
13973
13983
13993
14004
14014
14024
14035
14045
14056
14066
14076
14087
14097
14108
14118
14128
14139
14149
14159
14170
14180
14191
14201
14211
14222
14232
14243
14253
14263
14274
14284
14294
14305
14315
14326
14336
14346
14357
14367
14377
14388
14398
14409
14419
14429
14440
14450
14460
14471
14481
14492
14502
14512
14523
14533
14543
14554
14564
14575
14585
14595
14606
14616
14626
14637
14647
14658
14668
14678
14689
14699
14709
14720
14730
14741
14751
14761
14772
14782
14792
14803
14813
14824
14834
14844
14855
14865
14875
14886
14896
14907
14917
14927
14938
14948
14958
14969
14979
14990
15000
15010
15021
15031
15041
15052
15062
15073
15083
15093
15104
15114
15124
15135
15145
15156
15166
15176
15187
15197
15207
15218
15228
15239
15249
15259
15270
15280
15290
15301
15311
15322
15332
15342
15353
15363
15374
15384
15394
15405
15415
15426
15436
15447
15457
15467
15478
15488
15499
15509
15520
15530
15540
15551
15561
15572
15582
15592
15603
15613
15624
15634
15644
15655
15665
15676
15686
15696
15707
15717
15728
15738
15748
15759
15769
15779
15790
15800
15810
15821
15831
15842
15852
15862
15873
15883
15893
15904
15914
15925
15935
15945
15956
15966
15977
15987
15997
16008
16018
16028
16039
16049
16060
16070
16080
16091
16101
16111
16122
16132
16143
16153
16163
16174
16184
16195
16205
16215
16226
16236
16247
16257
16267
16278
16288
16299
16309
16319
16330
16340
16351
16361
16372
16382
16392
16403
16413
16424
16434
16444
16455
16465
16476
16486
16497
16507
16517
16528
16538
16548
16559
16569
16580
16590
16600
16611
16621
16631
16642
16652
16662
16673
16683
16694
16704
16714
16725
16735
16745
16756
16766
16777
16787
16797
16808
16818
16828
16839
16849
16860
16870
16880
16891
16901
16911
16922
16932
16943
16953
16963
16974
16984
16994
17005
17015
17026
17036
17046
17057
17067
17077
17088
17098
17109
17119
17129
17140
17150
17161
17171
17181
17192
17202
17212
17223
17233
17244
17254
17264
17275
17285
17295
17306
17316
17327
17337
17347
17358
17368
17379
17389
17399
17410
17420
17430
17441
17451
17462
17472
17482
17493
17503
17514
17524
17534
17545
17555
17566
17576
17586
17597
17607
17617
17628
17638
17649
17659
17669
17680
17690
17701
17711
17721
17732
17742
17753
17763
17773
17784
17794
17805
17815
17825
17836
17846
17856
17867
17877
17888
17898
17908
17919
17929
17939
17950
17960
17971
17981
17991
18002
18012
18023
18033
18043
18054
18064
18074
18085
18095
18106
18116
18126
18137
18147
18158
18168
18178
18189
18199
18210
18220
18230
18241
18251
18262
18272
18282
18293
18303
18313
18324
18334
18345
18355
18365
18376
18386
18397
18407
18417
18428
18438
18448
18459
18469
18479
18490
18500
18511
18521
18531
18542
18552
18562
18573
18583
18594
18604
18614
18625
18635
18645
18656
18666
18677
18687
18697
18708
18718
18728
18739
18749
18760
18770
18780
18791
18801
18811
18822
18832
18843
18853
18863
18874
18884
18895
18905
18916
18926
18936
18947
18957
18968
18978
18989
18999
19009
19020
19030
19041
19051
19061
19072
19082
19093
19103
19113
19124
19134
19145
19155
19165
19176
19186
19197
19207
19217
19228
19238
19249
19259
19269
19280
19290
19300
19311
19321
19332
19342
19352
19363
19373
19383
19394
19404
19415
19425
19435
19446
19456
19466
19477
19487
19498
19508
19518
19529
19539
19549
19560
19570
19580
19591
19601
19612
19622
19632
19643
19653
19663
19674
19684
19695
19705
19715
19726
19736
19747
19757
19768
19778
19788
19799
19809
19820
19830
19841
19851
19861
19872
19882
19893
19903
19913
19924
19934
19945
19955
19965
19976
19986
19997
20007
20017
20028
20038
20049
20059
20069
20080
20090
20100
20111
20121
20132
20142
20152
20163
20173
20184
20194
20204
20215
20225
20236
20246
20256
20267
20277
20288
20298
20308
20319
20329
20340
20350
20360
20371
20381
20392
20402
20412
20423
20433
20444
20454
20464
20475
20485
20496
20506
20516
20527
20537
20548
20558
20568
20579
20589
20600
20610
20620
20631
20641
20652
20662
20672
20683
20693
20704
20714
20724
20735
20745
20756
20766
20776
20787
20797
20807
20818
20828
20839
20849
20859
20870
20880
20891
20901
20911
20922
20932
20943
20953
20963
20974
20984
20995
21005
21015
21026
21036
21047
21057
21067
21078
21088
21099
21109
21119
21130
21140
21151
21161
21171
21182
21192
21202
21213
21223
21234
21244
21254
21265
21275
21286
21296
21306
21317
21327
21338
21348
21358
21369
21379
21390
21400
21410
21421
21431
21442
21452
21462
21473
21483
21494
21504
21514
21525
21535
21546
21556
21566
21577
21587
21598
21608
21618
21629
21639
21650
21660
21671
21681
21691
21702
21712
21723
21733
21744
21754
21764
21775
21785
21796
21806
21816
21827
21837
21848
21858
21868
21879
21889
21900
21910
21920
21931
21941
21951
21962
21972
21982
21993
22003
22014
22024
22034
22045
22055
22065
22076
22086
22097
22107
22117
22128
22138
22148
22159
22169
22180
22190
22200
22211
22221
22232
22242
22252
22263
22273
22283
22294
22304
22315
22325
22335
22346
22356
22367
22377
22387
22398
22408
22419
22429
22440
22450
22460
22471
22481
22492
22502
22512
22523
22533
22544
22554
22565
22575
22585
22596
22606
22617
22627
22637
22648
22658
22668
22679
22689
22700
22710
22720
22731
22741
22751
22762
22772
22783
22793
22803
22814
22824
22834
22845
22855
22866
22876
22886
22897
22907
22917
22928
22938
22949
22959
22969
22980
22990
23001
23011
23021
23032
23042
23052
23063
23073
23084
23094
23104
23115
23125
23136
23146
23156
23167
23177
23187
23198
23208
23219
23229
23239
23250
23260
23270
23281
23291
23302
23312
23322
23333
23343
23354
23364
23374
23385
23395
23405
23416
23426
23437
23447
23457
23468
23478
23489
23499
23509
23520
23530
23541
23551
23561
23572
23582
23593
23603
23613
23624
23634
23645
23655
23665
23676
23686
23696
23707
23717
23728
23738
23748
23759
23769
23780
23790
23800
23811
23821
23832
23842
23852
23863
23873
23884
23894
23904
23915
23925
23936
23946
23956
23967
23977
23988
23998
24008
24019
24029
24040
24050
24060
24071
24081
24092
24102
24112
24123
24133
24144
24154
24164
24175
24185
24196
24206
24216
24227
24237
24248
24258
24268
24279
24289
24300
24310
24320
24331
24341
24352
24362
24372
24383
24393
24404
24414
24424
24435
24445
24456
24466
24476
24487
24497
24508
24518
24528
24539
24549
24560
24570
24580
24591
24601
24612
24622
24633
24643
24653
24664
24674
24685
24695
24705
24716
24726
24737
24747
24757
24768
24778
24789
24799
24810
24820
24830
24841
24851
24862
24872
24882
24893
24903
24914
24924
24935
24945
24955
24966
24976
24987
24997
25007
25018
25028
25039
25049
25060
25070
25080
25091
25101
25111
25122
25132
25143
25153
25163
25174
25184
25194
25205
25215
25226
25236
25246
25257
25267
25277
25288
25298
25309
25319
25329
25340
25350
25360
25371
25381
25392
25402
25412
25423
25433
25444
25454
25464
25475
25485
25496
25506
25516
25527
25537
25548
25558
25568
25579
25589
25600
25610
25620
25631
25641
25652
25662
25672
25683
25693
25704
25714
25724
25735
25745
25756
25766
25776
25787
25797
25808
25818
25828
25839
25849
25860
25870
25880
25891
25901
25912
25922
25932
25943
25953
25964
25974
25984
25995
26005
26016
26026
26036
26047
26057
26068
26078
26088
26099
26109
26120
26130
26140
26151
26161
26172
26182
26192
26203
26213
26224
26234
26244
26255
26265
26276
26286
26296
26307
26317
26327
26338
26348
26359
26369
26379
26390
26400
26411
26421
26431
26442
26452
26462
26473
26483
26494
26504
26514
26525
26535
26546
26556
26566
26577
26587
26598
26608
26618
26629
26639
26650
26660
26670
26681
26691
26702
26712
26722
26733
26743
26754
26764
26774
26785
26795
26806
26816
26826
26837
26847
26858
26868
26878
26889
26899
26909
26920
26930
26941
26951
26961
26972
26982
26993
27003
27013
27024
27034
27045
27055
27065
27076
27086
27097
27107
27117
27128
27138
27149
27159
27170
27180
27190
27201
27211
27221
27232
27242
27253
27263
27273
27284
27294
27304
27315
27325
27336
27346
27356
27367
27377
27388
27398
27408
27419
27429
27439
27450
27460
27471
27481
27491
27502
27512
27523
27533
27543
27554
27564
27575
27585
27595
27606
27616
27627
27637
27647
27658
27668
27679
27689
27699
27710
27720
27731
27741
27751
27762
27772
27783
27793
27803
27814
27824
27834
27845
27855
27866
27876
27886
27897
27907
27918
27928
27938
27949
27959
27969
27980
27990
28001
28011
28021
28032
28042
28052
28063
28073
28084
28094
28104
28115
28125
28135
28146
28156
28167
28177
28187
28198
28208
28219
28229
28239
28250
28260
28271
28281
28291
28302
28312
28323
28333
28343
28354
28364
28375
28385
28396
28406
28416
28427
28437
28448
28458
28468
28479
28489
28500
28510
28520
28531
28541
28552
28562
28572
28583
28593
28604
28614
28624
28635
28645
28656
28666
28676
28687
28697
28708
28718
28728
28739
28749
28760
28770
28780
28791
28801
28812
28822
28833
28843
28853
28864
28874
28885
28895
28905
28916
28926
28936
28947
28957
28968
28978
28988
28999
29009
29019
29030
29040
29051
29061
29071
29082
29092
29103
29113
29123
29134
29144
29154
29165
29175
29186
29196
29206
29217
29227
29237
29248
29258
29269
29279
29289
29300
29310
29321
29331
29341
29352
29362
29372
29383
29393
29404
29414
29424
29435
29445
29455
29466
29476
29487
29497
29507
29518
29528
29538
29549
29559
29570
29580
29590
29601
29611
29622
29632
29642
29653
29663
29673
29684
29694
29705
29715
29725
29736
29746
29756
29767
29777
29788
29798
29808
29819
29829
29840
29850
29860
29871
29881
29891
29902
29912
29923
29933
29943
29954
29964
29975
29985
29995
30006
30016
30027
30037
30047
30058
30068
30079
30089
30099
30110
30120
30130
30141
30151
30162
30172
30182
30193
30203
30214
30224
30234
30245
30255
30265
30276
30286
30297
30307
30317
30328
30338
30348
30359
30369
30379
30390
30400
30411
30421
30431
30442
30452
30463
30473
30483
30494
30504
30515
30525
30535
30546
30556
30567
30577
30587
30598
30608
30619
30629
30639
30650
30660
30671
30681
30692
30702
30712
30723
30733
30744
30754
30764
30775
30785
30796
30806
30817
30827
30837
30848
30858
30869
30879
30889
30900
30910
30920
30931
30941
30952
30962
30972
30983
30993
31004
31014
31024
31035
31045
31056
31066
31076
31087
31097
31108
31118
31128
31139
31149
31160
31170
31181
31191
31202
31212
31222
31233
31243
31254
31264
31274
31285
31295
31306
31316
31327
31337
31347
31358
31368
31378
31389
31399
31410
31420
31430
31441
31451
31462
31472
31482
31493
31503
31514
31524
31534
31545
31555
31566
31576
31586
31597
31607
31617
31628
31638
31649
31659
31669
31680
31690
31700
31711
31721
31732
31742
31752
31763
31773
31783
31794
31804
31815
31825
31835
31846
31856
31867
31877
31887
31898
31908
31919
31929
31939
31950
31960
31971
31981
31991
32002
32012
32022
32033
32043
32054
32064
32074
32085
32095
32106
32116
32126
32137
32147
32158
32168
32178
32189
32199
32210
32220
32230
32241
32251
32262
32272
32282
32293
32303
32313
32324
32334
32345
32355
32365
32376
32386
32397
32407
32417
32428
32438
32449
32459
32469
32480
32490
32500
32511
32521
32532
32542
32552
32563
32573
32584
32594
32604
32615
32625
32636
32646
32656
32667
32677
32688
32698
32708
32719
32729
32740
32750
32760
32771
32781
32792
32802
32812
32823
32833
32844
32854
32864
32875
32885
32895
32906
32916
32927
32937
32947
32958
32968
32979
32989
32999
33010
33020
33031
33041
33051
33062
33072
33083
33093
33103
33114
33124
33135
33145
33155
33166
33176
33187
33197
33207
33218
33228
33238
33249
33259
33270
33280
33290
33301
33311
33322
33332
33342
33353
33363
33374
33384
33394
33405
33415
33426
33436
33446
33457
33467
33478
33488
33498
33509
33519
33530
33540
33550
33561
33571
33582
33592
33602
33613
33623
33633
33644
33654
33665
33675
33685
33696
33706
33716
33727
33737
33748
33758
33768
33779
33789
33799
33810
33820
33831
33841
33851
33862
33872
33883
33893
33903
33914
33924
33935
33945
33955
33966
33976
33987
33997
34007
34018
34028
34039
34049
34060
34070
34080
34091
34101
34112
34122
34133
34143
34153
34164
34174
34185
34195
34205
34216
34226
34237
34247
34257
34268
34278
34289
34299
34309
34320
34330
34341
34351
34361
34372
34382
34393
34403
34413
34424
34434
34445
34455
34465
34476
34486
34497
34507
34517
34528
34538
34549
34559
34569
34580
34590
34601
34611
34621
34632
34642
34653
34663
34673
34684
34694
34705
34715
34725
34736
34746
34757
34767
34777
34788
34798
34809
34819
34829
34840
34850
34860
34871
34881
34892
34902
34912
34923
34933
34944
34954
34964
34975
34985
34996
35006
35016
35027
35037
35048
35058
35068
35079
35089
35099
35110
35120
35131
35141
35151
35162
35172
35183
35193
35203
35214
35224
35235
35245
35255
35266
35276
35287
35297
35307
35318
35328
35339
35349
35359
35370
35380
35391
35401
35411
35422
35432
35443
35453
35463
35474
35484
35495
35505
35515
35526
35536
35547
35557
35567
35578
35588
35599
35609
35619
35630
35640
35651
35661
35671
35682
35692
35703
35713
35723
35734
35744
35755
35765
35775
35786
35796
35807
35817
35827
35838
35848
35859
35869
35879
35890
35900
35911
35921
35931
35942
35952
35963
35973
35983
35994
36004
36015
36025
36036
36046
36056
36067
36077
36087
36098
36108
36119
36129
36139
36150
36160
36171
36181
36191
36202
36212
36223
36233
36243
36254
36264
36275
36285
36295
36306
36316
36327
36337
36347
36358
36368
36379
36389
36399
36410
36420
36431
36441
36451
36462
36472
36483
36493
36503
36514
36524
36534
36545
36555
36566
36576
36586
36597
36607
36618
36628
36638
36649
36659
36670
36680
36690
36701
36711
36722
36732
36742
36753
36763
36774
36784
36794
36805
36815
36826
36836
36846
36857
36867
36878
36888
36898
36909
36919
36930
36940
36950
36961
36971
36982
36992
37003
37013
37023
37034
37044
37055
37065
37075
37086
37096
37107
37117
37127
37138
37148
37159
37169
37179
37190
37200
37210
37221
37231
37242
37252
37262
37273
37283
37293
37304
37314
37325
37335
37345
37356
37366
37376
37387
37397
37408
37418
37428
37439
37449
37459
37470
37480
37491
37501
37512
37522
37532
37543
37553
37564
37574
37585
37595
37606
37616
37626
37637
37647
37658
37668
37678
37689
37699
37710
37720
37731
37741
37751
37762
37772
37782
37793
37803
37814
37824
37834
37845
37855
37866
37876
37886
37897
37907
37918
37928
37938
37949
37959
37970
37980
37990
38001
38011
38021
38032
38042
38053
38063
38073
38084
38094
38105
38115
38125
38136
38146
38157
38167
38177
38188
38198
38208
38219
38229
38240
38250
38260
38271
38281
38292
38302
38312
38323
38333
38344
38354
38364
38375
38385
38396
38406
38416
38427
38437
38448
38458
38468
38479
38489
38500
38510
38521
38531
38541
38552
38562
38573
38583
38594
38604
38614
38625
38635
38646
38656
38666
38677
38687
38698
38708
38718
38729
38739
38749
38760
38770
38781
38791
38801
38812
38822
38833
38843
38853
38864
38874
38885
38895
38905
38916
38926
38936
38947
38957
38968
38978
38988
38999
39009
39019
39030
39040
39051
39061
39071
39082
39092
39102
39113
39123
39134
39144
39154
39165
39175
39186
39196
39206
39217
39227
39237
39248
39258
39269
39279
39289
39300
39310
39321
39331
39341
39352
39362
39373
39383
39393
39404
39414
39424
39435
39445
39456
39466
39476
39487
39497
39508
39518
39528
39539
39549
39559
39570
39580
39591
39601
39611
39622
39632
39642
39653
39663
39674
39684
39694
39705
39715
39726
39736
39746
39757
39767
39777
39788
39798
39809
39819
39829
39840
39850
39860
39871
39881
39892
39902
39912
39923
39933
39944
39954
39964
39975
39985
39995
40006
40016
40027
40037
40047
40058
40068
40079
40089
40099
40110
40120
40130
40141
40151
40162
40172
40182
40193
40203
40213
40224
40234
40245
40255
40265
40276
40286
40296
40307
40317
40328
40338
40348
40359
40369
40380
40390
40400
40411
40421
40431
40442
40452
40463
40473
40483
40494
40504
40515
40525
40535
40546
40556
40566
40577
40587
40598
40608
40618
40629
40639
40650
40660
40670
40681
40691
40701
40712
40722
40733
40743
40753
40764
40774
40785
40795
40805
40816
40826
40836
40847
40857
40868
40878
40888
40899
40909
40919
40930
40940
40950
40961
40971
40982
40992
41002
41013
41023
41033
41044
41054
41065
41075
41085
41096
41106
41117
41127
41137
41148
41158
41169
41179
41189
41200
41210
41221
41231
41241
41252
41262
41273
41283
41294
41304
41314
41325
41335
41346
41356
41366
41377
41387
41398
41408
41418
41429
41439
41450
41460
41470
41481
41491
41501
41512
41522
41533
41543
41553
41564
41574
41584
41595
41605
41616
41626
41636
41647
41657
41667
41678
41688
41699
41709
41719
41730
41740
41751
41761
41772
41782
41792
41803
41813
41824
41834
41845
41855
41865
41876
41886
41897
41907
41917
41928
41938
41949
41959
41969
41980
41990
42001
42011
42021
42032
42042
42053
42063
42073
42084
42094
42104
42115
42125
42136
42146
42156
42167
42177
42187
42198
42208
42219
42229
42239
42250
42260
42271
42281
42291
42302
42312
42323
42333
42343
42354
42364
42375
42385
42395
42406
42416
42427
42437
42447
42458
42468
42478
42489
42499
42510
42520
42530
42541
42551
42562
42572
42582
42593
42603
42614
42624
42635
42645
42655
42666
42676
42686
42697
42707
42718
42728
42738
42749
42759
42770
42780
42791
42801
42811
42822
42832
42843
42853
42863
42874
42884
42895
42905
42915
42926
42936
42947
42957
42967
42978
42988
42998
43009
43019
43030
43040
43050
43061
43071
43081
43092
43102
43113
43123
43133
43144
43154
43164
43175
43185
43196
43206
43216
43227
43237
43248
43258
43268
43279
43289
43299
43310
43320
43331
43341
43351
43362
43372
43383
43393
43403
43414
43424
43435
43445
43455
43466
43476
43487
43497
43507
43518
43528
43538
43549
43559
43570
43580
43590
43601
43611
43622
43632
43642
43653
43663
43674
43684
43694
43705
43715
43726
43736
43746
43757
43767
43778
43788
43798
43809
43819
43830
43840
43850
43861
43871
43882
43892
43902
43913
43923
43934
43944
43954
43965
43975
43986
43996
44006
44017
44027
44038
44048
44058
44069
44079
44089
44100
44110
44121
44131
44141
44152
44162
44173
44183
44193
44204
44214
44225
44235
44245
44256
44266
44276
44287
44297
44308
44318
44328
44339
44349
44360
44370
44380
44391
44401
44411
44422
44432
44443
44453
44463
44474
44484
44495
44505
44515
44526
44536
44546
44557
44567
44578
44588
44598
44609
44619
44630
44640
44650
44661
44671
44681
44692
44702
44713
44723
44733
44744
44754
44764
44775
44785
44796
44806
44816
44827
44837
44848
44858
44868
44879
44889
44899
44910
44920
44931
44941
44951
44962
44972
44983
44993
45003
45014
45024
45034
45045
45055
45066
45076
45086
45097
45107
45118
45128
45138
45149
45159
45170
45180
45190
45201
45211
45222
45232
45242
45253
45263
45274
45284
45294
45305
45315
45326
45336
45346
45357
45367
45377
45388
45398
45409
45419
45429
45440
45450
45461
45471
45481
45492
45502
45513
45523
45533
45544
45554
45564
45575
45585
45596
45606
45616
45627
45637
45647
45658
45668
45679
45689
45699
45710
45720
45730
45741
45751
45762
45772
45782
45793
45803
45814
45824
45834
45845
45855
45865
45876
45886
45897
45907
45917
45928
45938
45948
45959
45969
45980
45990
46000
46011
46021
46032
46042
46052
46063
46073
46083
46094
46104
46115
46125
46135
46146
46156
46166
46177
46187
46198
46208
46218
46229
46239
46249
46260
46270
46281
46291
46301
46312
46322
46332
46343
46353
46364
46374
46385
46395
46405
46416
46426
46437
46447
46457
46468
46478
46489
46499
46510
46520
46531
46541
46551
46562
46572
46583
46593
46604
46614
46624
46635
46645
46656
46666
46676
46687
46697
46708
46718
46728
46739
46749
46760
46770
46780
46791
46801
46812
46822
46832
46843
46853
46864
46874
46884
46895
46905
46916
46926
46936
46947
46957
46968
46978
46988
46999
47009
47020
47030
47040
47051
47061
47071
47082
47092
47103
47113
47123
47134
47144
47154
47165
47175
47186
47196
47206
47217
47227
47237
47248
47258
47269
47279
47289
47300
47310
47320
47331
47341
47352
47362
47372
47383
47393
47404
47414
47424
47435
47445
47456
47466
47476
47487
47497
47507
47518
47528
47539
47549
47559
47570
47580
47591
47601
47611
47622
47632
47642
47653
47663
47674
47684
47694
47705
47715
47726
47736
47746
47757
47767
47778
47788
47798
47809
47819
47830
47840
47850
47861
47871
47882
47892
47902
47913
47923
47933
47944
47954
47965
47975
47985
47996
48006
48017
48027
48037
48048
48058
48069
48079
48089
48100
48110
48121
48131
48141
48152
48162
48173
48183
48193
48204
48214
48225
48235
48245
48256
48266
48276
48287
48297
48308
48318
48328
48339
48349
48360
48370
48380
48391
48401
48412
48422
48432
48443
48453
48463
48474
48484
48495
48505
48515
48526
48536
48547
48557
48567
48578
48588
48599
48609
48619
48630
48640
48651
48661
48671
48682
48692
48703
48713
48723
48734
48744
48755
48765
48775
48786
48796
48806
48817
48827
48838
48848
48858
48869
48879
48890
48900
48910
48921
48931
48942
48952
48962
48973
48983
48994
49004
49014
49025
49035
49046
49056
49066
49077
49087
49098
49108
49118
49129
49139
49150
49160
49170
49181
49191
49202
49212
49222
49233
49243
49254
49264
49274
49285
49295
49306
49316
49326
49337
49347
49357
49368
49378
49389
49399
49409
49420
49430
49441
49451
49461
49472
49482
49493
49503
49513
49524
49534
49544
49555
49565
49576
49586
49596
49607
49617
49628
49638
49648
49659
49669
49680
49690
49700
49711
49721
49732
49742
49752
49763
49773
49784
49794
49804
49815
49825
49836
49846
49856
49867
49877
49888
49898
49908
49919
49929
49940
49950
49960
49971
49981
49992
50002
50012
50023
50033
50044
50054
50064
50075
50085
50096
50106
50116
50127
50137
50147
50158
50168
50178
50189
50199
50210
50220
50230
50241
50251
50261
50272
50282
50293
50303
50313
50324
50334
50344
50355
50365
50376
50386
50396
50407
50417
50427
50438
50448
50459
50469
50479
50490
50500
50511
50521
50531
50542
50552
50563
50573
50584
50594
50604
50615
50625
50636
50646
50657
50667
50677
50688
50698
50709
50719
50729
50740
50750
50761
50771
50781
50792
50802
50813
50823
50833
50844
50854
50864
50875
50885
50896
50906
50916
50927
50937
50948
50958
50968
50979
50989
51000
51010
51020
51031
51041
51051
51062
51072
51083
51093
51103
51114
51124
51134
51145
51155
51166
51176
51186
51197
51207
51217
51228
51238
51249
51259
51269
51280
51290
51300
51311
51321
51332
51342
51352
51363
51373
51383
51394
51404
51415
51425
51435
51446
51456
51467
51477
51487
51498
51508
51519
51529
51539
51550
51560
51571
51581
51591
51602
51612
51623
51633
51643
51654
51664
51674
51685
51695
51706
51716
51726
51737
51747
51758
51768
51778
51789
51799
51809
51820
51830
51841
51851
51861
51872
51882
51893
51903
51913
51924
51934
51944
51955
51965
51976
51986
51996
52007
52017
52028
52038
52048
52059
52069
52080
52090
52100
52111
52121
52132
52142
52152
52163
52173
52183
52194
52204
52215
52225
52235
52246
52256
52267
52277
52287
52298
52308
52319
52329
52339
52350
52360
52371
52381
52391
52402
52412
52423
52433
52443
52454
52464
52475
52485
52495
52506
52516
52527
52537
52547
52558
52568
52579
52589
52599
52610
52620
52631
52641
52651
52662
52672
52683
52693
52703
52714
52724
52735
52745
52755
52766
52776
52787
52797
52807
52818
52828
52839
52849
52859
52870
52880
52891
52901
52911
52922
52932
52943
52953
52963
52974
52984
52994
53005
53015
53026
53036
53046
53057
53067
53078
53088
53098
53109
53119
53130
53140
53151
53161
53171
53182
53192
53203
53213
53223
53234
53244
53255
53265
53276
53286
53296
53307
53317
53328
53338
53348
53359
53369
53380
53390
53400
53411
53421
53432
53442
53452
53463
53473
53484
53494
53504
53515
53525
53536
53546
53556
53567
53577
53587
53598
53608
53618
53629
53639
